qed: 0.036527182906866074, heavywt: 203.702392578125, tpsa: 381.4202880859375, ringct: 0.6511739492416382
qed: 0.01708829775452614, heavywt: 251.049560546875, tpsa: 352.50213623046875, ringct: 0.54430091381073
qed: 0.020430302247405052, heavywt: 241.74952697753906, tpsa: 420.3582763671875, ringct: 0.669805645942688
qed: 0.029736289754509926, heavywt: 234.3417510986328, tpsa: 377.7500915527344, ringct: 0.6967870593070984
