qed: 0.015469039790332317, heavywt: 315.1114807128906, tpsa: 405.74615478515625, ringct: 1.0515865087509155
qed: 0.014992615208029747, heavywt: 423.76385498046875, tpsa: 410.2464904785156, ringct: 0.7416934370994568
qed: 0.03741956129670143, heavywt: 235.40972900390625, tpsa: 411.11614990234375, ringct: 0.4649806022644043
qed: 0.018879927694797516, heavywt: 220.35633850097656, tpsa: 380.683349609375, ringct: 0.6811204552650452
