qed: 0.041617851704359055, heavywt: 360.972900390625, tpsa: 681.4625244140625, ringct: 0.4575822055339813
qed: 0.05214667692780495, heavywt: 321.924072265625, tpsa: 620.7481689453125, ringct: 0.4648497998714447
qed: 0.019682293757796288, heavywt: 377.9497985839844, tpsa: 746.4479370117188, ringct: 0.3777777850627899
qed: 0.08418282121419907, heavywt: 193.2888946533203, tpsa: 696.4249877929688, ringct: 0.35737138986587524
