qed: 0.3579154908657074, heavywt: 341.6015319824219, tpsa: 743.208251953125, ringct: 0.9061802625656128
qed: 0.01270369254052639, heavywt: 311.0327453613281, tpsa: 653.003662109375, ringct: 0.4859144985675812
qed: 0.02704213559627533, heavywt: 316.8174743652344, tpsa: 719.2965698242188, ringct: 0.5134968161582947
qed: 0.011318298056721687, heavywt: 247.30142211914062, tpsa: 547.6553344726562, ringct: 0.4870092272758484
